Tabelle: 81000-0002
VGR des Bundes - Bruttowertschöpfung, Bruttoinlandsprodukt;;;;;;;;;;;;;;;;;;;;;;;;;;;;;;;;;;;;;;;;;;;;;;;;;;;;;;;;;;;;;;;;;;;;;;;;;;;;;;;;;;;;;;;;;;;;;;;;;;;;;;;;;;;
(nominal/preisbereinigt): Deutschland, Quartale, Original-;;;;;;;;;;;;;;;;;;;;;;;;;;;;;;;;;;;;;;;;;;;;;;;;;;;;;;;;;;;;;;;;;;;;;;;;;;;;;;;;;;;;;;;;;;;;;;;;;;;;;;;;;;;
und bereinigte Daten;;;;;;;;;;;;;;;;;;;;;;;;;;;;;;;;;;;;;;;;;;;;;;;;;;;;;;;;;;;;;;;;;;;;;;;;;;;;;;;;;;;;;;;;;;;;;;;;;;;;;;;;;;;
Volkswirtschaftliche Gesamtrechnungen des Bundes;;;;;;;;;;;;;;;;;;;;;;;;;;;;;;;;;;;;;;;;;;;;;;;;;;;;;;;;;;;;;;;;;;;;;;;;;;;;;;;;;;;;;;;;;;;;;;;;;;;;;;;;;;;
Deutschland;;;;;;;;;;;;;;;;;;;;;;;;;;;;;;;;;;;;;;;;;;;;;;;;;;;;;;;;;;;;;;;;;;;;;;;;;;;;;;;;;;;;;;;;;;;;;;;;;;;;;;;;;;;
;;;;2000;2000;2000;2000;2001;2001;2001;2001;2002;2002;2002;2002;2003;2003;2003;2003;2004;2004;2004;2004;2005;2005;2005;2005;2006;2006;2006;2006;2007;2007;2007;2007;2008;2008;2008;2008;2009;2009;2009;2009;2010;2010;2010;2010;2011;2011;2011;2011;2012;2012;2012;2012;2013;2013;2013;2013;2014;2014;2014;2014;2015;2015;2015;2015;2016;2016;2016;2016;2017;2017;2017;2017;2018;2018;2018;2018;2019;2019;2019;2019;2020;2020;2020;2020;2021;2021;2021;2021;2022;2022;2022;2022;2023;2023;2023;2023;2024;2024;2024;2024;2025;2025;2025;2025
;;;;1. Quartal;2. Quartal;3. Quartal;4. Quartal;1. Quartal;2. Quartal;3. Quartal;4. Quartal;1. Quartal;2. Quartal;3. Quartal;4. Quartal;1. Quartal;2. Quartal;3. Quartal;4. Quartal;1. Quartal;2. Quartal;3. Quartal;4. Quartal;1. Quartal;2. Quartal;3. Quartal;4. Quartal;1. Quartal;2. Quartal;3. Quartal;4. Quartal;1. Quartal;2. Quartal;3. Quartal;4. Quartal;1. Quartal;2. Quartal;3. Quartal;4. Quartal;1. Quartal;2. Quartal;3. Quartal;4. Quartal;1. Quartal;2. Quartal;3. Quartal;4. Quartal;1. Quartal;2. Quartal;3. Quartal;4. Quartal;1. Quartal;2. Quartal;3. Quartal;4. Quartal;1. Quartal;2. Quartal;3. Quartal;4. Quartal;1. Quartal;2. Quartal;3. Quartal;4. Quartal;1. Quartal;2. Quartal;3. Quartal;4. Quartal;1. Quartal;2. Quartal;3. Quartal;4. Quartal;1. Quartal;2. Quartal;3. Quartal;4. Quartal;1. Quartal;2. Quartal;3. Quartal;4. Quartal;1. Quartal;2. Quartal;3. Quartal;4. Quartal;1. Quartal;2. Quartal;3. Quartal;4. Quartal;1. Quartal;2. Quartal;3. Quartal;4. Quartal;1. Quartal;2. Quartal;3. Quartal;4. Quartal;1. Quartal;2. Quartal;3. Quartal;4. Quartal;1. Quartal;2. Quartal;3. Quartal;4. Quartal;1. Quartal;2. Quartal;3. Quartal;4. Quartal
Originalwerte;in jeweiligen Preisen (Mrd. EUR);Bruttowertschöpfung;jew. ME;466,844;469,098;484,162;495,175;482,471;482,013;499,138;513,887;482,685;490,877;510,919;519,046;487,126;490,591;515,664;522,523;500,781;511,255;523,185;533,796;504,470;519,626;530,780;540,295;526,550;535,172;553,175;569,972;553,659;558,236;575,411;588,381;570,730;580,180;585,211;580,768;539,428;541,651;563,555;579,112;564,752;571,221;595,133;610,056;599,937;601,088;621,235;629,303;618,323;612,250;630,866;637,662;620,352;629,122;649,491;656,973;653,015;651,243;673,369;684,464;670,976;675,560;696,945;709,836;695,059;709,593;717,242;730,252;729,234;728,391;751,627;768,066;754,678;757,617;766,742;790,279;779,804;774,225;798,152;809,492;789,146;708,314;787,065;815,572;796,232;802,751;833,074;862,028;870,001;877,213;903,150;941,510;954,839;941,405;963,137;994,556;970,529;966,468;980,970;1003,344;988,900;991,212;1014,781;...
Originalwerte;in jeweiligen Preisen (Mrd. EUR);Gütersteuern abzügl. Gütersubventionen;jew. ME;53,136;55,292;53,538;52,415;54,359;56,227;54,402;53,033;54,495;55,213;56,211;53,914;56,334;57,369;55,816;55,387;57,579;55,315;56,045;55,084;56,240;56,434;58,250;59,615;59,660;58,988;59,655;63,008;67,891;64,554;66,229;67,859;68,790;66,290;67,879;69,432;67,992;66,429;67,275;68,528;65,168;67,889;69,867;71,174;74,353;72,642;73,805;74,547;76,147;72,980;75,134;75,918;77,638;76,978;78,529;77,397;79,965;79,607;80,761;82,046;83,584;80,610;83,465;86,054;86,821;83,077;85,918;87,248;90,706;87,169;87,613;90,304;91,482;90,143;91,008;92,081;93,926;92,025;94,388;95,268;92,194;86,856;84,205;87,368;91,358;93,429;99,236;104,232;103,139;98,917;99,230;96,230;88,681;90,475;92,363;93,854;101,101;97,382;102,100;107,076;109,310;103,108;105,149;...
Originalwerte;in jeweiligen Preisen (Mrd. EUR);Bruttoinlandsprodukt;jew. ME;519,980;524,390;537,700;547,590;536,830;538,240;553,540;566,920;537,180;546,090;567,130;572,960;543,460;547,960;571,480;577,910;558,360;566,570;579,230;588,880;560,710;576,060;589,030;599,910;586,210;594,160;612,830;632,980;621,550;622,790;641,640;656,240;639,520;646,470;653,090;650,200;607,420;608,080;630,830;647,640;629,920;639,110;665,000;681,230;674,290;673,730;695,040;703,850;694,470;685,230;706,000;713,580;697,990;706,100;728,020;734,370;732,980;730,850;754,130;766,510;754,560;756,170;780,410;795,890;781,880;792,670;803,160;817,500;819,940;815,560;839,240;858,370;846,160;847,760;857,750;882,360;873,730;866,250;892,540;904,760;881,340;795,170;871,270;902,940;887,590;896,180;932,310;966,260;973,140;976,130;1002,380;1037,740;1043,520;1031,880;1055,500;1088,410;1071,630;1063,850;1083,070;1110,420;1098,210;1094,320;1119,930;...
Originalwerte;in jeweiligen Preisen (Mrd. EUR);nachr.: Bruttoinlandsprodukt (Veränderung in %);Prozent;3,9;3,1;2,1;1,0;3,2;2,6;2,9;3,5;0,1;1,5;2,5;1,1;1,2;0,3;0,8;0,9;2,7;3,4;1,4;1,9;0,4;1,7;1,7;1,9;4,5;3,1;4,0;5,5;6,0;4,8;4,7;3,7;2,9;3,8;1,8;-0,9;-5,0;-5,9;-3,4;-0,4;3,7;5,1;5,4;5,2;7,0;5,4;4,5;3,3;3,0;1,7;1,6;1,4;0,5;3,0;3,1;2,9;5,0;3,5;3,6;4,4;2,9;3,5;3,5;3,8;3,6;4,8;2,9;2,7;4,9;2,9;4,5;5,0;3,2;3,9;2,2;2,8;3,3;2,2;4,1;2,5;0,9;-8,2;-2,4;-0,2;0,7;12,7;7,0;7,0;9,6;8,9;7,5;7,4;7,2;5,7;5,3;4,9;2,7;3,1;2,6;2,0;2,5;2,9;3,4;...
Originalwerte;in jeweiligen Preisen (Mrd. EUR);nachr.: Bruttoinlandsprodukt je Einwohner;jew. ME;6387,000;6440,000;6600,000;6717,000;6592,000;6606,000;6788,000;6947,000;6589,000;6696,000;6951,000;7018,000;6665,000;6721,000;7008,000;7085,000;6854,000;6956,000;7111,000;7229,000;6893,000;7083,000;7242,000;7376,000;7219,000;7319,000;7551,000;7800,000;7672,000;7690,000;7923,000;8104,000;7913,000;8003,000;8088,000;8057,000;7541,000;7556,000;7840,000;8051,000;7845,000;7962,000;8284,000;8484,000;8405,000;8397,000;8657,000;8760,000;8642,000;8526,000;8782,000;8873,000;8675,000;8772,000;9040,000;9114,000;9092,000;9058,000;9334,000;9471,000;9303,000;9304,000;9584,000;9756,000;9567,000;9685,000;9804,000;9972,000;10000,000;9943,000;10228,000;10457,000;10304,000;10320,000;10438,000;10735,000;10629,000;10537,000;10857,000;11008,000;10726,000;9680,000;10611,000;11002,000;10820,000;10929,000;11373,000;11788,000;11883,000;11829,000;12112,000;12510,000;12548,000;12400,000;12670,000;13042,000;12839,000;12741,000;12968,000;13285,000;13145,000;13105,000;13416,000;...
Originalwerte;preisbereinigt, Kettenindex (2020=100);Bruttowertschöpfung;jew. ME;79,720;80,120;81,940;82,480;81,820;81,550;83,310;83,930;80,490;82,040;84,020;84,240;80,180;80,890;83,850;84,100;81,650;83,160;84,230;85,160;81,500;84,140;85,190;86,310;84,990;86,440;88,470;90,560;88,660;89,500;91,160;92,870;90,470;92,300;92,090;90,800;83,890;84,260;86,520;88,240;86,750;88,600;90,780;92,530;91,680;92,070;93,840;94,520;93,300;92,440;93,820;94,430;91,750;93,220;95,020;95,740;94,930;94,440;96,810;97,980;95,730;96,000;98,200;99,770;97,730;99,570;99,990;101,370;101,360;100,890;103,110;104,880;103,130;103,220;103,440;105,440;104,090;103,060;105,240;105,670;102,920;91,580;101,490;104,010;101,370;102,310;105,220;107,370;106,150;104,560;106,750;107,810;106,650;103,470;105,260;107,630;105,550;104,000;105,280;105,740;104,920;103,310;105,570;...
Originalwerte;preisbereinigt, Kettenindex (2020=100);Gütersteuern abzügl. Gütersubventionen;jew. ME;89,050;92,100;88,680;92,400;88,170;90,740;87,760;90,960;85,020;85,800;87,900;88,900;85,510;86,680;84,230;89,350;86,070;81,720;82,750;86,730;83,380;83,550;85,750;87,750;87,170;85,850;86,320;91,460;88,390;83,950;85,990;87,980;88,130;84,470;86,120;88,670;86,600;85,690;86,790;88,950;83,480;86,490;88,800;90,620;91,980;88,960;90,220;91,600;92,440;88,470;90,730;91,730;90,810;89,850;91,560;90,370;91,840;90,850;92,020;93,850;95,990;92,030;95,070;98,360;98,430;93,860;96,760;98,230;101,250;96,770;96,950;99,970;100,250;98,350;98,490;99,620;103,370;100,340;102,750;103,830;98,220;92,320;102,690;106,770;104,550;105,840;97,940;101,860;102,520;101,130;101,230;100,300;97,980;99,350;100,570;91,240;96,020;91,560;98,780;104,130;102,020;96,950;99,280;...
Originalwerte;preisbereinigt, Kettenindex (2020=100);Bruttoinlandsprodukt;jew. ME;80,540;81,180;82,530;83,360;82,380;82,360;83,690;84,550;80,880;82,350;84,340;84,630;80,640;81,400;83,840;84,560;82,020;82,970;84,040;85,260;81,630;84,040;85,190;86,400;85,150;86,330;88,200;90,590;88,580;88,900;90,590;92,330;90,200;91,430;91,420;90,550;84,180;84,400;86,540;88,300;86,400;88,370;90,560;92,320;91,710;91,730;93,450;94,200;93,200;92,010;93,480;94,130;91,650;92,850;94,640;95,150;94,590;94,040;96,280;97,530;95,760;95,560;97,860;99,620;97,810;98,940;99,640;101,030;101,350;100,440;102,440;104,340;102,810;102,690;102,900;104,800;104,020;102,760;104,970;105,470;102,410;91,660;101,620;104,310;101,690;102,670;104,480;106,810;105,770;104,200;106,170;107,020;105,740;103,040;104,770;105,920;104,570;102,740;104,580;105,500;104,580;102,630;104,900;...
Originalwerte;preisbereinigt, Kettenindex (2020=100);nachr.: Bruttoinlandsprodukt (Veränderung in %);Prozent;4,2;3,9;2,4;1,1;2,3;1,5;1,4;1,4;-1,8;0,0;0,8;0,1;-0,3;-1,2;-0,6;-0,1;1,7;1,9;0,2;0,8;-0,5;1,3;1,4;1,3;4,3;2,7;3,5;4,8;4,0;3,0;2,7;1,9;1,8;2,8;0,9;-1,9;-6,7;-7,7;-5,3;-2,5;2,6;4,7;4,6;4,6;6,1;3,8;3,2;2,0;1,6;0,3;0,0;-0,1;-1,7;0,9;1,2;1,1;3,2;1,3;1,7;2,5;1,2;1,6;1,6;2,1;2,1;3,5;1,8;1,4;3,6;1,5;2,8;3,3;1,4;2,2;0,4;0,4;1,2;0,1;2,0;0,6;-1,5;-10,8;-3,2;-1,1;-0,7;12,0;2,8;2,4;4,0;1,5;1,6;0,2;0,0;-1,1;-1,3;-1,0;-1,1;-0,3;-0,2;-0,4;0,0;-0,1;0,3;...
Originalwerte;preisbereinigt, Kettenindex (2020=100);nachr.: Bruttoinlandsprodukt je Einwohner;jew. ME;81,250;81,880;83,200;83,980;83,080;83,020;84,290;85,090;81,470;82,930;84,890;85,140;81,220;81,990;84,430;85,140;82,690;83,660;84,730;85,960;82,410;84,860;86,020;87,240;86,110;87,340;89,250;91,680;89,790;90,140;91,870;93,640;91,660;92,950;92,970;92,140;85,830;86,130;88,330;90,150;88,370;90,410;92,650;94,430;93,880;93,890;95,590;96,290;95,250;94,020;95,490;96,130;93,550;94,730;96,500;96,980;96,360;95,720;97,870;98,960;96,960;96,560;98,700;100,280;98,290;99,290;99,890;101,210;101,510;100,570;102,530;104,390;102,820;102,660;102,840;104,720;103,930;102,660;104,870;105,390;102,350;91,640;101,640;104,370;101,800;102,820;104,670;107,010;106,080;103,700;105,360;105,960;104,410;101,690;103,280;104,230;102,890;101,050;102,830;103,650;102,800;100,930;103,200;...
Originalwerte;preisbereinigt, verkettete Volumenang. (Mrd. EUR);Bruttowertschöpfung;jew. ME;617,849;620,949;635,055;639,240;634,125;632,032;645,673;650,478;623,817;635,830;651,175;652,880;621,414;626,917;649,858;651,795;632,807;644,510;652,803;660,011;631,645;652,105;660,243;668,923;658,693;669,931;685,664;701,862;687,137;693,647;706,512;719,765;701,164;715,347;713,720;703,722;650,168;653,035;670,551;683,881;672,334;686,671;703,567;717,130;710,542;713,565;727,283;732,553;723,098;716,432;727,128;731,855;711,085;722,478;736,428;742,008;735,731;731,933;750,301;759,369;741,931;744,023;761,074;773,242;757,431;771,692;774,947;785,642;785,565;781,922;799,128;812,845;799,283;799,980;801,685;817,186;806,723;798,740;815,636;818,968;797,655;709,767;786,572;806,103;785,642;792,927;815,481;832,144;822,688;810,365;827,338;835,554;826,563;801,918;815,791;834,159;818,038;806,025;815,946;819,511;813,155;800,678;818,193;...
Originalwerte;preisbereinigt, verkettete Volumenang. (Mrd. EUR);Gütersteuern abzügl. Gütersubventionen;jew. ME;78,057;80,731;77,733;80,994;77,286;79,539;76,927;79,732;74,525;75,209;77,049;77,926;74,954;75,980;73,832;78,320;75,445;71,632;72,535;76,024;73,087;73,236;75,165;76,918;76,410;75,252;75,664;80,170;77,479;73,587;75,375;77,120;77,251;74,043;75,489;77,724;75,910;75,112;76,076;77,970;73,175;75,813;77,838;79,434;80,626;77,979;79,083;80,293;81,029;77,549;79,530;80,407;79,600;78,759;80,258;79,215;80,503;79,635;80,661;82,265;84,141;80,670;83,334;86,218;86,280;82,274;84,816;86,104;88,751;84,824;84,982;87,629;87,875;86,209;86,332;87,323;90,610;87,954;90,066;91,013;86,095;80,924;90,014;93,590;91,644;92,775;85,850;89,286;89,865;88,646;88,734;87,919;85,885;87,086;88,155;79,977;84,167;80,258;86,586;91,276;89,426;84,982;87,025;...
Originalwerte;preisbereinigt, verkettete Volumenang. (Mrd. EUR);Bruttoinlandsprodukt;jew. ME;694,802;700,324;711,970;719,130;710,676;710,503;721,977;729,396;697,736;710,417;727,584;730,086;695,665;702,222;723,271;729,482;707,570;715,766;724,996;735,521;704,206;724,996;734,917;745,356;734,572;744,752;760,884;781,502;764,162;766,923;781,502;796,512;778,137;788,748;788,662;781,157;726,204;728,102;746,563;761,746;745,356;762,350;781,243;796,426;791,164;791,336;806,174;812,645;804,018;793,752;806,433;812,041;790,646;800,998;816,440;820,840;816,009;811,264;830,588;841,372;826,102;824,377;844,219;859,402;843,787;853,536;859,574;871,566;874,326;866,476;883,729;900,120;886,921;885,886;887,698;904,089;897,360;886,490;905,555;909,869;883,471;790,732;876,655;899,862;877,259;885,714;901,328;921,429;912,457;898,913;915,907;923,240;912,198;888,905;903,830;913,751;902,104;886,317;902,191;910,127;902,191;885,368;904,951;...
Originalwerte;preisbereinigt, verkettete Volumenang. (Mrd. EUR);nachr.: Bruttoinlandsprodukt (Veränderung in %);Prozent;-;-;-;-;-;-;-;-;-;-;-;-;-;-;-;-;-;-;-;-;-;-;-;-;-;-;-;-;-;-;-;-;-;-;-;-;-;-;-;-;-;-;-;-;-;-;-;-;-;-;-;-;-;-;-;-;-;-;-;-;-;-;-;-;-;-;-;-;-;-;-;-;-;-;-;-;-;-;-;-;-;-;-;-;-;-;-;-;-;-;-;-;-;-;-;-;-;-;-;-;-;-;-;...
Originalwerte;preisbereinigt, verkettete Volumenang. (Mrd. EUR);nachr.: Bruttoinlandsprodukt je Einwohner;jew. ME;-;-;-;-;-;-;-;-;-;-;-;-;-;-;-;-;-;-;-;-;-;-;-;-;-;-;-;-;-;-;-;-;-;-;-;-;-;-;-;-;-;-;-;-;-;-;-;-;-;-;-;-;-;-;-;-;-;-;-;-;-;-;-;-;-;-;-;-;-;-;-;-;-;-;-;-;-;-;-;-;-;-;-;-;-;-;-;-;-;-;-;-;-;-;-;-;-;-;-;-;-;-;-;...
Originalwerte;preisbereinigt, unverkettete Volumenang.(Mrd. EUR);Bruttowertschöpfung;jew. ME;473,715;476,095;486,909;490,143;483,310;481,695;492,066;495,756;481,468;490,699;502,539;503,849;485,638;489,942;507,838;509,403;500,251;509,506;516,074;521,794;504,567;520,941;527,411;534,324;528,183;537,175;549,784;562,760;552,739;557,990;568,308;578,988;568,431;579,939;578,589;570,523;531,576;533,874;548,190;559,084;562,603;574,560;588,737;600,081;598,460;600,994;612,550;616,992;614,649;609,023;618,066;622,091;613,108;622,917;634,961;639,785;645,765;642,409;658,559;666,546;663,339;665,252;680,511;691,355;690,502;703,488;706,446;716,219;725,180;721,774;737,691;750,357;748,425;749,115;750,724;765,193;769,445;761,817;777,940;781,121;778,334;692,579;767,543;786,588;785,613;792,909;815,444;832,124;840,027;827,459;844,752;853,184;900,750;873,931;889,070;909,083;961,643;947,468;959,181;963,395;978,205;963,219;984,343;...
Originalwerte;preisbereinigt, unverkettete Volumenang.(Mrd. EUR);Gütersteuern abzügl. Gütersubventionen;jew. ME;51,668;53,438;51,456;53,611;52,185;53,704;51,939;53,833;51,830;52,304;53,588;54,196;54,077;54,813;53,266;56,504;55,985;53,155;53,825;56,417;55,385;55,498;56,956;58,286;59,031;58,137;58,452;61,937;60,805;57,750;59,154;60,520;67,824;65,013;66,281;68,240;67,905;67,187;68,055;69,745;64,815;67,157;68,945;70,363;72,158;69,793;70,778;71,857;75,265;72,030;73,872;74,686;75,016;74,226;75,636;74,654;78,656;77,804;78,808;80,374;83,965;80,499;83,160;86,035;86,113;82,113;84,650;85,937;89,687;85,726;85,878;88,556;90,310;88,600;88,730;89,742;95,034;92,251;94,467;95,458;89,919;84,515;94,008;97,742;91,643;92,777;85,852;89,282;97,040;95,721;95,813;94,932;96,129;97,469;98,668;89,517;90,161;85,968;92,746;97,769;106,507;101,218;103,643;...
Originalwerte;preisbereinigt, unverkettete Volumenang.(Mrd. EUR);Bruttoinlandsprodukt;jew. ME;525,383;529,533;538,365;543,754;535,495;535,399;544,005;549,589;533,298;543,003;556,127;558,045;539,715;544,755;561,104;565,907;556,236;562,661;569,899;578,211;559,952;576,439;584,367;592,610;587,214;595,312;608,236;624,697;613,544;615,740;627,462;639,508;636,255;644,952;644,870;638,763;599,481;601,061;616,245;628,829;627,418;641,717;657,682;670,444;670,618;670,787;683,328;688,849;689,914;681,053;691,938;696,777;688,124;697,143;710,597;714,439;724,421;720,213;737,367;746,920;747,304;745,751;763,671;777,390;776,615;785,601;791,096;802,156;814,867;807,500;823,569;838,913;838,735;837,715;839,454;854,935;864,479;854,068;872,407;876,579;868,253;777,094;861,551;884,330;877,256;885,686;901,296;921,406;937,067;923,180;940,565;948,116;996,879;971,400;987,738;998,600;1051,804;1033,436;1051,927;1061,164;1084,712;1064,437;1087,986;...
Originalwerte;preisbereinigt, unverkettete Volumenang.(Mrd. EUR);nachr.: Bruttoinlandsprodukt (Veränderung in %);Prozent;-;-;-;-;-;-;-;-;-;-;-;-;-;-;-;-;-;-;-;-;-;-;-;-;-;-;-;-;-;-;-;-;-;-;-;-;-;-;-;-;-;-;-;-;-;-;-;-;-;-;-;-;-;-;-;-;-;-;-;-;-;-;-;-;-;-;-;-;-;-;-;-;-;-;-;-;-;-;-;-;-;-;-;-;-;-;-;-;-;-;-;-;-;-;-;-;-;-;-;-;-;-;-;...
Originalwerte;preisbereinigt, unverkettete Volumenang.(Mrd. EUR);nachr.: Bruttoinlandsprodukt je Einwohner;jew. ME;-;-;-;-;-;-;-;-;-;-;-;-;-;-;-;-;-;-;-;-;-;-;-;-;-;-;-;-;-;-;-;-;-;-;-;-;-;-;-;-;-;-;-;-;-;-;-;-;-;-;-;-;-;-;-;-;-;-;-;-;-;-;-;-;-;-;-;-;-;-;-;-;-;-;-;-;-;-;-;-;-;-;-;-;-;-;-;-;-;-;-;-;-;-;-;-;-;-;-;-;-;-;-;...
X13 JDemetra+  kalender- und saisonbereinigt;in jeweiligen Preisen (Mrd. EUR);Bruttowertschöpfung;jew. ME;475,638;478,512;480,934;480,411;493,027;491,669;495,621;500,016;497,374;498,544;504,517;506,758;500,290;499,899;509,107;510,097;510,034;518,004;516,541;517,335;518,521;521,152;524,878;527,403;532,902;544,169;550,015;558,620;560,953;567,977;572,536;577,614;582,479;581,802;578,979;570,264;548,284;551,628;557,616;564,330;572,138;579,364;589,246;595,011;605,274;608,594;615,667;618,291;619,694;623,508;628,757;628,433;629,738;637,515;644,069;649,297;660,856;662,389;667,937;675,540;677,902;686,818;691,457;694,461;704,650;710,619;713,288;718,354;728,878;740,033;752,071;760,435;759,164;767,028;767,997;779,929;784,689;787,321;795,722;800,056;790,352;721,383;784,330;797,156;798,235;813,665;830,520;842,563;869,016;888,364;901,745;926,170;949,934;958,367;966,428;980,547;973,558;979,419;979,424;991,281;995,399;1008,614;1012,646;...
X13 JDemetra+  kalender- und saisonbereinigt;in jeweiligen Preisen (Mrd. EUR);Gütersteuern abzügl. Gütersubventionen;jew. ME;53,737;54,658;53,155;52,839;54,465;55,935;54,250;53,479;54,294;55,043;55,957;54,558;55,838;57,406;55,716;55,899;57,177;55,604;55,922;55,344;55,794;56,851;58,198;59,690;59,198;59,702;59,652;62,710;67,249;65,372;66,369;67,484;68,013;67,021;68,158;69,258;67,287;66,953;67,340;68,583;64,589;68,632;69,790;71,043;73,440;73,880;73,836;74,166;75,117;74,164;74,916;76,016;76,535;78,055;78,640;77,382;78,577;80,859;80,907;82,070;82,151;81,829;83,546;86,194;85,615;84,189;85,855;87,415;89,811;88,300;87,386;90,357;90,202;92,258;91,362;90,866;92,692;94,258;94,893;93,854;91,205;88,558;84,561;86,286;90,579;95,539;99,832;102,262;102,751;100,909;99,946;93,881;89,027;91,920;93,788;90,770;100,970;98,795;104,473;103,499;108,973;104,390;108,437;...
X13 JDemetra+  kalender- und saisonbereinigt;in jeweiligen Preisen (Mrd. EUR);Bruttoinlandsprodukt;jew. ME;529,375;533,170;534,089;533,250;547,492;547,604;549,871;553,495;551,668;553,587;560,474;561,316;556,128;557,305;564,823;565,996;567,211;573,608;572,463;572,679;574,315;578,003;583,076;587,093;592,100;603,871;609,667;621,330;628,202;633,349;638,905;645,098;650,492;648,823;647,137;639,522;615,571;618,581;624,956;632,913;636,727;647,996;659,036;666,054;678,714;682,474;689,503;692,457;694,811;697,672;703,673;704,449;706,273;715,570;722,709;726,679;739,433;743,248;748,844;757,610;760,053;768,647;775,003;780,655;790,265;794,808;799,143;805,769;818,689;828,333;839,457;850,792;849,366;859,286;859,359;870,795;877,381;881,579;890,615;893,910;881,557;809,941;868,891;883,442;888,814;909,204;930,352;944,825;971,767;989,273;1001,691;1020,051;1038,961;1050,287;1060,216;1071,317;1074,528;1078,214;1083,897;1094,780;1104,372;1113,004;1121,083;...
X13 JDemetra+  kalender- und saisonbereinigt;in jeweiligen Preisen (Mrd. EUR);nachr.: Bruttoinlandsprodukt (Veränderung in %);Prozent;1,3;0,7;0,2;-0,2;2,7;0,0;0,4;0,7;-0,3;0,3;1,2;0,2;-0,9;0,2;1,3;0,2;0,2;1,1;-0,2;0,0;0,3;0,6;0,9;0,7;0,9;2,0;1,0;1,9;1,1;0,8;0,9;1,0;0,8;-0,3;-0,3;-1,2;-3,7;0,5;1,0;1,3;0,6;1,8;1,7;1,1;1,9;0,6;1,0;0,4;0,3;0,4;0,9;0,1;0,3;1,3;1,0;0,5;1,8;0,5;0,8;1,2;0,3;1,1;0,8;0,7;1,2;0,6;0,5;0,8;1,6;1,2;1,3;1,4;-0,2;1,2;0,0;1,3;0,8;0,5;1,0;0,4;-1,4;-8,1;7,3;1,7;0,6;2,3;2,3;1,6;2,9;1,8;1,3;1,8;1,9;1,1;0,9;1,0;0,3;0,3;0,5;1,0;0,9;0,8;0,7;...
X13 JDemetra+  kalender- und saisonbereinigt;in jeweiligen Preisen (Mrd. EUR);nachr.: Bruttoinlandsprodukt je Einwohner;jew. ME;6499,000;6546,000;6557,000;6546,000;6720,000;6719,000;6744,000;6787,000;6763,000;6786,000;6870,000;6880,000;6817,000;6833,000;6927,000;6943,000;6960,000;7041,000;7029,000;7034,000;7057,000;7105,000;7170,000;7222,000;7288,000;7437,000;7513,000;7661,000;7751,000;7818,000;7890,000;7970,000;8045,000;8030,000;8015,000;7928,000;7640,000;7685,000;7768,000;7871,000;7928,000;8071,000;8211,000;8298,000;8458,000;8504,000;8588,000;8621,000;8645,000;8679,000;8754,000;8762,000;8777,000;8888,000;8974,000;9020,000;9172,000;9210,000;9269,000;9362,000;9371,000;9457,000;9518,000;9570,000;9669,000;9711,000;9755,000;9830,000;9984,000;10098,000;10231,000;10366,000;10343,000;10460,000;10458,000;10596,000;10673,000;10723,000;10834,000;10877,000;10728,000;9859,000;10581,000;10766,000;10835,000;11087,000;11348,000;11529,000;11866,000;11987,000;12103,000;12300,000;12493,000;12619,000;12725,000;12840,000;12874,000;12911,000;12976,000;13102,000;13218,000;13326,000;13427,000;...
X13 JDemetra+  kalender- und saisonbereinigt;preisbereinigt, Kettenindex (2020=100);Bruttowertschöpfung;jew. ME;80,510;81,110;81,460;81,210;82,970;82,580;82,810;82,730;82,400;82,720;83,050;83,220;81,880;81,860;82,890;82,980;82,790;83,690;83,290;83,280;83,460;83,830;84,410;84,930;85,810;87,290;88,150;89,330;89,590;90,490;90,940;91,700;92,170;91,970;91,330;89,670;85,090;85,270;85,820;86,450;87,820;89,250;90,120;90,650;92,450;92,620;93,240;93,240;93,410;93,600;93,770;93,390;93,050;93,970;94,490;94,920;95,980;95,640;96,250;96,960;96,590;97,240;97,620;97,870;98,980;99,380;99,580;99,990;101,220;102,190;103,260;104,130;103,670;104,200;103,650;104,350;104,650;104,540;104,930;104,770;102,950;93,060;101,110;102,000;101,540;103,490;104,790;105,300;105,910;105,760;106,360;106,440;106,020;105,270;105,450;106,400;105,590;105,440;105,040;104,750;105,290;105,190;105,260;...
X13 JDemetra+  kalender- und saisonbereinigt;preisbereinigt, Kettenindex (2020=100);Gütersteuern abzügl. Gütersubventionen;jew. ME;91,470;92,630;89,720;88,350;89,950;91,530;89,240;87,180;86,230;86,560;89,480;85,330;86,250;87,710;85,780;85,980;86,430;83,060;84,010;83,790;83,460;85,180;86,590;85,040;86,650;88,040;86,870;89,180;88,030;85,820;86,370;86,230;87,370;85,980;86,620;87,250;86,180;86,640;87,010;87,910;82,370;88,100;88,880;89,970;90,270;91,190;90,690;90,600;91,050;90,420;90,770;91,300;89,330;91,700;91,860;89,650;90,110;92,630;92,530;93,420;94,470;93,790;95,410;97,900;96,770;95,540;97,100;97,960;99,740;98,440;97,140;99,560;98,100;101,170;99,440;97,970;101,710;103,130;103,610;101,740;97,120;94,730;103,150;104,870;102,910;109,180;98,580;99,580;101,340;104,100;101,980;97,850;96,560;102,250;100,700;89,730;95,480;94,040;98,140;102,980;100,920;99,630;99,010;...
X13 JDemetra+  kalender- und saisonbereinigt;preisbereinigt, Kettenindex (2020=100);Bruttoinlandsprodukt;jew. ME;81,480;82,130;82,190;81,840;83,580;83,370;83,370;83,110;82,720;83,040;83,610;83,380;82,250;82,370;83,120;83,220;83,090;83,580;83,310;83,280;83,410;83,910;84,570;84,890;85,840;87,310;87,970;89,260;89,380;89,970;90,430;91,100;91,630;91,300;90,800;89,390;85,200;85,410;85,940;86,600;87,230;89,120;89,980;90,570;92,210;92,460;92,960;92,950;93,150;93,250;93,440;93,160;92,640;93,720;94,200;94,340;95,330;95,310;95,840;96,570;96,360;96,860;97,380;97,880;98,740;98,960;99,310;99,770;101,060;101,780;102,590;103,630;103,060;103,870;103,190;103,650;104,330;104,390;104,790;104,440;102,320;93,240;101,330;102,310;101,680;104,070;104,160;104,720;105,430;105,590;105,900;105,530;105,030;104,950;104,950;104,660;104,550;104,280;104,300;104,490;104,810;104,590;104,590;...
X13 JDemetra+  kalender- und saisonbereinigt;preisbereinigt, Kettenindex (2020=100);nachr.: Bruttoinlandsprodukt (Veränderung in %);Prozent;1,5;0,8;0,1;-0,4;2,1;-0,3;0,0;-0,3;-0,5;0,4;0,7;-0,3;-1,4;0,1;0,9;0,1;-0,2;0,6;-0,3;0,0;0,2;0,6;0,8;0,4;1,1;1,7;0,8;1,5;0,1;0,7;0,5;0,7;0,6;-0,4;-0,5;-1,6;-4,7;0,2;0,6;0,8;0,7;2,2;1,0;0,7;1,8;0,3;0,5;0,0;0,2;0,1;0,2;-0,3;-0,6;1,2;0,5;0,1;1,0;0,0;0,6;0,8;-0,2;0,5;0,5;0,5;0,9;0,2;0,4;0,5;1,3;0,7;0,8;1,0;-0,6;0,8;-0,7;0,4;0,7;0,1;0,4;-0,3;-2,0;-8,9;8,7;1,0;-0,6;2,4;0,1;0,5;0,7;0,2;0,3;-0,3;-0,5;-0,1;0,0;-0,3;-0,1;-0,3;0,0;0,2;0,3;-0,2;0,0;...
X13 JDemetra+  kalender- und saisonbereinigt;preisbereinigt, Kettenindex (2020=100);nachr.: Bruttoinlandsprodukt je Einwohner;jew. ME;82,150;82,800;82,860;82,510;84,250;84,010;83,970;83,690;83,280;83,600;84,170;83,930;82,800;82,940;83,710;83,840;83,730;84,250;84,010;84,010;84,180;84,710;85,400;85,760;86,780;88,310;89,030;90,380;90,570;91,200;91,710;92,440;93,070;92,790;92,350;91,010;86,840;87,140;87,730;88,450;89,190;91,160;92,070;92,660;94,370;94,620;95,100;95,040;95,180;95,280;95,460;95,160;94,550;95,600;96,050;96,170;97,110;97,000;97,420;98,000;97,570;97,870;98,210;98,540;99,230;99,300;99,560;99,960;101,220;101,900;102,680;103,690;103,070;103,830;103,130;103,580;104,240;104,280;104,690;104,370;102,260;93,210;101,340;102,390;101,790;104,220;104,340;104,940;105,740;105,080;105,080;104,510;103,710;103,560;103,450;103,020;102,870;102,550;102,540;102,690;103,030;102,840;102,870;...
X13 JDemetra+  kalender- und saisonbereinigt;preisbereinigt, verkettete Volumenang. (Mrd. EUR);Bruttowertschöpfung;jew. ME;623,972;628,622;631,335;629,397;643,018;639,996;641,778;641,158;638,659;641,139;643,696;645,014;634,571;634,416;642,398;643,096;641,643;648,618;645,518;645,440;646,835;649,703;654,198;658,228;665,029;676,499;683,164;692,309;694,344;701,319;704,807;710,697;714,340;712,790;707,830;694,964;659,468;660,863;665,126;670,008;680,626;691,709;698,452;702,560;716,510;717,827;722,633;722,633;723,931;725,403;726,721;723,776;721,122;728,252;732,281;735,614;743,868;741,233;745,961;751,464;748,577;753,614;756,559;758,497;767,119;770,219;771,769;774,947;784,480;791,997;800,290;807,033;803,468;807,575;803,313;808,738;811,044;810,191;813,213;811,974;797,887;721,238;783,627;790,525;786,960;802,073;812,148;816,101;820,848;819,685;824,335;824,955;821,700;815,887;817,282;824,645;818,368;817,205;814,105;811,857;816,042;815,267;815,810;...
X13 JDemetra+  kalender- und saisonbereinigt;preisbereinigt, verkettete Volumenang. (Mrd. EUR);Gütersteuern abzügl. Gütersubventionen;jew. ME;80,183;81,200;78,649;77,448;78,851;80,236;78,228;76,423;75,546;75,836;78,394;74,758;75,601;76,881;75,189;75,364;75,761;72,807;73,640;73,447;73,181;74,689;75,926;74,567;75,973;77,192;76,166;78,191;77,141;75,204;75,686;75,564;76,602;75,384;75,945;76,497;75,561;75,965;76,289;77,078;72,219;77,242;77,926;78,882;79,125;79,931;79,493;79,414;79,811;79,258;79,565;80,030;78,357;80,436;80,576;78,638;78,969;81,178;81,090;81,870;82,806;82,210;83,630;85,813;84,803;83,725;85,092;85,845;87,446;86,306;85,166;87,288;85,990;88,681;87,165;85,876;89,174;90,419;90,840;89,201;85,131;83,036;90,417;91,925;90,204;95,700;86,409;87,285;88,813;91,232;89,374;85,754;84,643;89,630;88,272;78,656;83,674;82,412;86,006;90,247;88,442;87,311;86,768;...
X13 JDemetra+  kalender- und saisonbereinigt;preisbereinigt, verkettete Volumenang. (Mrd. EUR);Bruttoinlandsprodukt;jew. ME;702,912;708,519;709,037;706,017;721,006;719,195;719,195;716,952;713,609;716,369;721,287;719,303;709,533;710,568;717,038;717,901;716,801;721,028;718,699;718,440;719,583;723,896;729,590;732,351;740,524;753,206;758,900;770,028;771,042;776,132;780,100;785,880;790,495;787,649;783,335;771,171;735,025;736,836;741,409;747,103;752,537;768,842;776,261;781,351;795,477;797,634;801,947;801,861;803,565;804,428;806,067;803,651;799,208;808,525;812,666;813,874;822,371;822,199;826,771;833,068;831,257;835,570;840,056;844,369;851,789;853,687;856,706;860,674;871,846;878,057;885,045;894,017;889,078;896,066;890,199;894,168;900,034;900,552;904,002;900,983;882,694;804,363;874,154;882,608;877,173;897,791;898,568;903,399;909,524;910,904;913,578;910,386;906,094;905,404;905,404;902,902;901,932;899,603;899,775;901,414;904,175;902,277;902,277;...
X13 JDemetra+  kalender- und saisonbereinigt;preisbereinigt, verkettete Volumenang. (Mrd. EUR);nachr.: Bruttoinlandsprodukt (Veränderung in %);Prozent;-;-;-;-;-;-;-;-;-;-;-;-;-;-;-;-;-;-;-;-;-;-;-;-;-;-;-;-;-;-;-;-;-;-;-;-;-;-;-;-;-;-;-;-;-;-;-;-;-;-;-;-;-;-;-;-;-;-;-;-;-;-;-;-;-;-;-;-;-;-;-;-;-;-;-;-;-;-;-;-;-;-;-;-;-;-;-;-;-;-;-;-;-;-;-;-;-;-;-;-;-;-;-;...
X13 JDemetra+  kalender- und saisonbereinigt;preisbereinigt, verkettete Volumenang. (Mrd. EUR);nachr.: Bruttoinlandsprodukt je Einwohner;jew. ME;-;-;-;-;-;-;-;-;-;-;-;-;-;-;-;-;-;-;-;-;-;-;-;-;-;-;-;-;-;-;-;-;-;-;-;-;-;-;-;-;-;-;-;-;-;-;-;-;-;-;-;-;-;-;-;-;-;-;-;-;-;-;-;-;-;-;-;-;-;-;-;-;-;-;-;-;-;-;-;-;-;-;-;-;-;-;-;-;-;-;-;-;-;-;-;-;-;-;-;-;-;-;-;...
X13 JDemetra+  kalender- und saisonbereinigt;preisbereinigt, unverkettete Volumenang.(Mrd. EUR);Bruttowertschöpfung;jew. ME;-;-;-;-;-;-;-;-;-;-;-;-;-;-;-;-;-;-;-;-;-;-;-;-;-;-;-;-;-;-;-;-;-;-;-;-;-;-;-;-;-;-;-;-;-;-;-;-;-;-;-;-;-;-;-;-;-;-;-;-;-;-;-;-;-;-;-;-;-;-;-;-;-;-;-;-;-;-;-;-;-;-;-;-;-;-;-;-;-;-;-;-;-;-;-;-;-;-;-;-;-;-;-;...
X13 JDemetra+  kalender- und saisonbereinigt;preisbereinigt, unverkettete Volumenang.(Mrd. EUR);Gütersteuern abzügl. Gütersubventionen;jew. ME;-;-;-;-;-;-;-;-;-;-;-;-;-;-;-;-;-;-;-;-;-;-;-;-;-;-;-;-;-;-;-;-;-;-;-;-;-;-;-;-;-;-;-;-;-;-;-;-;-;-;-;-;-;-;-;-;-;-;-;-;-;-;-;-;-;-;-;-;-;-;-;-;-;-;-;-;-;-;-;-;-;-;-;-;-;-;-;-;-;-;-;-;-;-;-;-;-;-;-;-;-;-;-;...
X13 JDemetra+  kalender- und saisonbereinigt;preisbereinigt, unverkettete Volumenang.(Mrd. EUR);Bruttoinlandsprodukt;jew. ME;-;-;-;-;-;-;-;-;-;-;-;-;-;-;-;-;-;-;-;-;-;-;-;-;-;-;-;-;-;-;-;-;-;-;-;-;-;-;-;-;-;-;-;-;-;-;-;-;-;-;-;-;-;-;-;-;-;-;-;-;-;-;-;-;-;-;-;-;-;-;-;-;-;-;-;-;-;-;-;-;-;-;-;-;-;-;-;-;-;-;-;-;-;-;-;-;-;-;-;-;-;-;-;...
X13 JDemetra+  kalender- und saisonbereinigt;preisbereinigt, unverkettete Volumenang.(Mrd. EUR);nachr.: Bruttoinlandsprodukt (Veränderung in %);Prozent;-;-;-;-;-;-;-;-;-;-;-;-;-;-;-;-;-;-;-;-;-;-;-;-;-;-;-;-;-;-;-;-;-;-;-;-;-;-;-;-;-;-;-;-;-;-;-;-;-;-;-;-;-;-;-;-;-;-;-;-;-;-;-;-;-;-;-;-;-;-;-;-;-;-;-;-;-;-;-;-;-;-;-;-;-;-;-;-;-;-;-;-;-;-;-;-;-;-;-;-;-;-;-;...
X13 JDemetra+  kalender- und saisonbereinigt;preisbereinigt, unverkettete Volumenang.(Mrd. EUR);nachr.: Bruttoinlandsprodukt je Einwohner;jew. ME;-;-;-;-;-;-;-;-;-;-;-;-;-;-;-;-;-;-;-;-;-;-;-;-;-;-;-;-;-;-;-;-;-;-;-;-;-;-;-;-;-;-;-;-;-;-;-;-;-;-;-;-;-;-;-;-;-;-;-;-;-;-;-;-;-;-;-;-;-;-;-;-;-;-;-;-;-;-;-;-;-;-;-;-;-;-;-;-;-;-;-;-;-;-;-;-;-;-;-;-;-;-;-;...
__________
"jew. ME = jeweilige Maßeinheit, d.h.
- für ""in jeweiligen Preisen"" gilt die Maßeinheit ""Mrd. EUR""
- für ""preisbereinigt, Kettenindex"" gilt die Maßeinheit
  ""2020=100"".

Bruttoinlandsprodukt je Einwohner:
für ""in jeweiligen Preisen"" gilt die Maßeinheit ""EUR"" !

Bruttoinlandsprodukt (Veränderung in %):
- Originalwerte:
  Veränderung gegenüber dem Vorjahresquartal in %.
- Kalender- und saisonbereinigte Werte nach X13 JDemetra+:
  Veränderung gegenüber dem Vorquartal in %."
© Statistisches Bundesamt (Destatis), 2026
Stand: 20.01.2026 / 00:55:51
